Score final: -6

Matriz de scores:
0 -2 -4 -6 -8 -10 -12 -14 -16 -18 -20
-2 -2 -4 -6 -8 -10 -12 -14 -16 -15 -17
-4 -4 -4 -3 -5 -7 -9 -11 -13 -15 -14
-6 -6 -6 -3 -2 -4 -6 -8 -10 -12 -14
-8 -8 -8 -5 -4 -4 -6 -8 -10 -9 -11
-10 -7 -9 -7 -6 -3 -3 -5 -7 -9 -11
-12 -9 -9 -9 -8 -5 -2 -2 -4 -6 -8
-14 -11 -11 -11 -10 -7 -4 -1 -3 -5 -7
-16 -13 -13 -10 -10 -9 -6 -3 -3 -5 -4
-18 -15 -15 -12 -9 -11 -8 -5 -5 -5 -4
-20 -17 -17 -14 -11 -11 -10 -7 -7 -4 -6

Cantidad de alineamientos producidos: 1

Alineamientos generados:
 gt
Score final: -6

Matriz de scores:
0 -2 -4 -6 -8 -10 -12 -14 -16 -18 -20
-2 -2 -1 -3 -5 -7 -9 -11 -13 -15 -17
-4 -4 -3 -3 -5 -7 -9 -11 -10 -12 -14
-6 -3 -5 -5 -5 -4 -6 -8 -10 -9 -11
-8 -5 -5 -7 -7 -4 -3 -5 -7 -9 -8
-10 -7 -7 -4 -6 -6 -5 -2 -4 -6 -8
-12 -9 -9 -6 -6 -8 -7 -4 -1 -3 -5
-14 -11 -11 -8 -5 -7 -9 -6 -3 -3 -5
-16 -13 -10 -10 -7 -7 -9 -8 -5 -5 -5
-18 -15 -12 -12 -9 -9 -9 -10 -7 -7 -7
-20 -17 -14 -14 -11 -8 -8 -10 -9 -6 -6

Cantidad de alineamientos producidos: 1

Alineamientos generados:
tta
Score final: -5

Matriz de scores:
0 -2 -4 -6 -8 -10 -12 -14 -16 -18 -20
-2 -2 -4 -6 -8 -10 -12 -14 -13 -15 -17
-4 -4 -1 -3 -5 -7 -9 -11 -13 -12 -14
-6 -6 -3 -3 -5 -7 -9 -11 -10 -12 -14
-8 -8 -5 -5 -5 -4 -6 -8 -10 -9 -11
-10 -10 -7 -7 -7 -4 -6 -8 -10 -9 -11
-12 -12 -9 -9 -9 -6 -6 -8 -7 -9 -11
-14 -11 -11 -8 -10 -8 -8 -5 -7 -9 -8
-16 -13 -13 -10 -7 -9 -7 -7 -7 -9 -10
-18 -15 -12 -12 -9 -6 -8 -9 -9 -6 -8
-20 -17 -14 -11 -11 -8 -8 -7 -9 -8 -5

Cantidad de alineamientos producidos: 1

Alineamientos generados:
at
Score final: -6

Matriz de scores:
0 -2 -4 -6 -8 -10 -12 -14 -16 -18 -20
-2 -2 -4 -6 -5 -7 -9 -11 -13 -15 -17
-4 -4 -1 -3 -5 -4 -6 -8 -10 -12 -14
-6 -6 -3 -3 -2 -4 -3 -5 -7 -9 -11
-8 -5 -5 -5 -4 -4 -5 -5 -7 -9 -11
-10 -7 -7 -7 -4 -6 -3 -5 -7 -6 -8
-12 -9 -9 -9 -6 -6 -5 -5 -7 -8 -8
-14 -11 -8 -10 -8 -5 -7 -4 -6 -8 -7
-16 -13 -10 -10 -9 -7 -4 -6 -6 -5 -7
-18 -15 -12 -12 -11 -8 -6 -3 -5 -7 -4
-20 -17 -14 -14 -13 -10 -8 -5 -5 -7 -6

Cantidad de alineamientos producidos: 1

Alineamientos generados:
tga taa
Score final: -12

Matriz de scores:
0 -2 -4 -6 -8 -10 -12 -14 -16 -18 -20
-2 -2 -4 -6 -8 -10 -12 -14 -16 -15 -17
-4 -4 -4 -6 -8 -10 -12 -14 -16 -15 -14
-6 -6 -6 -6 -8 -10 -12 -14 -16 -15 -14
-8 -8 -8 -8 -8 -10 -12 -14 -16 -15 -14
-10 -10 -10 -10 -10 -10 -12 -14 -16 -15 -14
-12 -12 -9 -11 -12 -9 -11 -13 -13 -15 -16
-14 -14 -11 -11 -13 -11 -11 -13 -12 -14 -16
-16 -13 -13 -13 -13 -13 -13 -13 -14 -14 -16
-18 -15 -15 -15 -15 -15 -15 -15 -15 -13 -13
-20 -17 -17 -17 -17 -17 -17 -17 -17 -14 -12

Cantidad de alineamientos producidos: 1

Alineamientos generados:
at  tcaa
Score final: -9

Matriz de scores:
0 -2 -4 -6 -8 -10 -12 -14 -16 -18 -20
-2 1 -1 -3 -5 -7 -9 -11 -13 -15 -17
-4 -1 -1 -3 -5 -7 -9 -11 -10 -12 -14
-6 -3 -3 -3 -5 -7 -9 -11 -10 -12 -14
-8 -5 -5 -5 -5 -7 -9 -8 -10 -12 -14
-10 -7 -7 -7 -7 -7 -9 -8 -10 -12 -14
-12 -9 -9 -9 -9 -9 -9 -10 -7 -9 -11
-14 -11 -8 -8 -10 -8 -8 -10 -9 -6 -8
-16 -13 -10 -10 -10 -10 -10 -10 -9 -8 -8
-18 -15 -12 -12 -9 -11 -12 -12 -11 -10 -10
-20 -17 -14 -11 -11 -8 -10 -12 -13 -10 -9

Cantidad de alineamientos producidos: 1

Alineamientos generados:
  gtatca
Score final: -6

Matriz de scores:
0 -2 -4 -6 -8 -10 -12 -14 -16 -18 -20
-2 -2 -4 -6 -5 -7 -9 -11 -13 -15 -17
-4 -4 -4 -3 -5 -7 -9 -8 -10 -12 -14
-6 -3 -5 -5 -5 -7 -9 -10 -10 -12 -14
-8 -5 -5 -7 -7 -7 -9 -11 -12 -12 -14
-10 -7 -7 -7 -6 -8 -6 -8 -10 -11 -11
-12 -9 -9 -9 -6 -8 -7 -8 -7 -9 -10
-14 -11 -11 -8 -8 -8 -9 -6 -8 -9 -11
-16 -13 -13 -10 -10 -10 -10 -8 -8 -10 -11
-18 -15 -15 -12 -9 -11 -9 -10 -7 -7 -9
-20 -17 -17 -14 -11 -11 -10 -11 -9 -6 -6

Cantidad de alineamientos producidos: 1

Alineamientos generados:
aa
Score final: -10

Matriz de scores:
0 -2 -4 -6 -8 -10 -12 -14 -16 -18 -20
-2 -2 -4 -6 -8 -7 -9 -11 -13 -15 -17
-4 -4 -4 -6 -8 -7 -9 -11 -13 -15 -14
-6 -6 -6 -6 -8 -7 -9 -11 -13 -15 -14
-8 -8 -5 -7 -5 -7 -9 -11 -10 -12 -14
-10 -10 -7 -4 -6 -7 -6 -8 -10 -9 -11
-12 -12 -9 -6 -3 -5 -7 -8 -7 -9 -11
-14 -14 -11 -8 -5 -5 -7 -9 -7 -9 -11
-16 -16 -13 -10 -7 -4 -6 -8 -9 -9 -8
-18 -18 -15 -12 -9 -6 -6 -8 -10 -11 -8
-20 -20 -17 -14 -11 -8 -8 -8 -7 -9 -10

Cantidad de alineamientos producidos: 1

Alineamientos generados:
gt
Score final: -12

Matriz de scores:
0 -2 -4 -6 -8 -10 -12 -14 -16 -18 -20
-2 1 -1 -3 -5 -7 -9 -11 -13 -15 -17
-4 -1 -1 0 -2 -4 -6 -8 -10 -12 -14
-6 -3 0 -2 -2 -4 -6 -8 -10 -9 -11
-8 -5 -2 -2 -4 -4 -6 -8 -10 -11 -11
-10 -7 -4 -4 -4 -6 -6 -8 -10 -12 -13
-12 -9 -6 -6 -6 -6 -8 -8 -10 -9 -11
-14 -11 -8 -8 -8 -8 -8 -10 -10 -11 -11
-16 -13 -10 -7 -9 -7 -7 -9 -11 -12 -10
-18 -15 -12 -9 -9 -9 -9 -9 -11 -10 -12
-20 -17 -14 -11 -11 -11 -11 -11 -11 -10 -12

Cantidad de alineamientos producidos: 1

Alineamientos generados:
 t 
Score final: -12

Matriz de scores:
0 -2 -4 -6 -8 -10 -12 -14 -16 -18 -20
-2 -2 -4 -6 -8 -10 -12 -11 -13 -15 -17
-4 -4 -4 -6 -8 -10 -12 -13 -13 -15 -17
-6 -6 -6 -3 -5 -7 -9 -11 -13 -12 -14
-8 -8 -8 -5 -5 -7 -9 -11 -13 -12 -11
-10 -10 -10 -7 -7 -7 -9 -8 -10 -12 -13
-12 -12 -12 -9 -9 -9 -9 -10 -10 -12 -14
-14 -11 -11 -11 -8 -8 -8 -10 -12 -12 -14
-16 -13 -13 -13 -10 -10 -10 -7 -9 -11 -13
-18 -15 -15 -15 -12 -12 -12 -9 -9 -11 -13
-20 -17 -17 -17 -14 -14 -14 -11 -8 -10 -12

Cantidad de alineamientos producidos: 1

Alineamientos generados:
gatgt  
Score final: -6

Matriz de scores:
0 -2 -4 -6 -8 -10 -12 -14 -16 -18 -20
-2 -2 -4 -6 -8 -10 -12 -14 -16 -15 -17
-4 -4 -4 -3 -5 -7 -9 -11 -13 -15 -14
-6 -6 -6 -3 -2 -4 -6 -8 -10 -12 -14
-8 -8 -8 -5 -4 -4 -6 -8 -10 -9 -11
-10 -7 -9 -7 -6 -3 -3 -5 -7 -9 -11
-12 -9 -9 -9 -8 -5 -2 -2 -4 -6 -8
-14 -11 -11 -11 -10 -7 -4 -1 -3 -5 -7
-16 -13 -13 -10 -10 -9 -6 -3 -3 -5 -4
-18 -15 -15 -12 -9 -11 -8 -5 -5 -5 -4
-20 -17 -17 -14 -11 -11 -10 -7 -7 -4 -6

Cantidad de alineamientos producidos: 1

Alineamientos generados:
 gt
